# Seed: 0, Variables: 7, Samples: 10
# Each row represents a sample in the format [val1 ... valp]
[0.5507979025745755 0.7081478226181048 0.2909047389129443 0.5108276051976630 0.8929469543476547 0.8962930889334381 0.1255853104638363]
[0.2072428781381868 0.0514672033008299 0.4408098436506365 0.0298762108785670 0.4568332243947111 0.6491440476147607 0.2784872826479753]
[0.6762549019801313 0.5908628174163508 0.0239818823771654 0.5588540879908820 0.2592524469074654 0.4151011970100696 0.2835250817713187]
[0.6931379183129963 0.4404537176707395 0.1568677384749633 0.5446490180318447 0.7803147645113671 0.3063635323761797 0.2219578839321814]
[0.3879712575556488 0.9363836498604304 0.9759954224729338 0.6723836759128137 0.9028341085383981 0.8457508712931793 0.3779940413288891]
[0.4899192953371699 0.6623371778019181 0.3366097465496684 0.5565328038969087 0.9233205043932500 0.8504907389271860 0.1748897820938327]
[0.7371450679593505 0.4329265207515315 0.9999991540615950 0.3793336218263988 0.3879060654889938 0.5591410099821816 0.2897840670033531]
[0.9497815784650155 0.5421611689177355 0.9732293607012447 0.3856018463059689 0.4636716891307060 0.4604800161525299 0.1918518560823732]
[0.6585303919083942 0.3413295675309794 0.4520960937097612 0.3564076213123740 0.8175061226453576 0.6015837877880894 0.1305479429411707]
[0.4846534191491883 0.5331393350806607 0.5694490641655401 0.4653556743954049 0.3739233811678321 0.4075211244301460 0.0147643872870897]
