# Seed: 0, Variables: 7, Samples: 10
# Each row represents a sample in the format [val1 ... valp]
[0.4359949021420038 0.0259262318278913 0.5496624778787091 0.4353223926182769 0.4203678020874890 0.3303348210038741 0.2046486340378425]
[0.6192709663506637 0.2996546736745231 0.2668272751028666 0.6211338327692949 0.5291420942770391 0.1345799453449336 0.5135781212657464]
[0.1844398656469153 0.7853351478166735 0.8539752926394888 0.4942368373819278 0.8465614853574680 0.0796454770090610 0.5052460901217040]
[0.0652865043868781 0.4281223275973894 0.0965309156606126 0.1271599717012775 0.5967453089785958 0.2260120006042359 0.1069456843099830]
[0.2203062070705597 0.3498262850032993 0.4677874845823002 0.2017432262649653 0.6404067252149148 0.4830698355517516 0.5052367200185491]
[0.8067782669819936 0.4957277256069686 0.4627579248688263 0.4881865360167358 0.4791385962228450 0.4579065494379004 0.4111790209138114]
[0.8960502393854872 0.4984552421023512 0.4792224651853066 0.4324959086523041 0.4627503661820067 0.4158219242744579 0.3653134253107814]
[0.5743075940063751 0.6604639504947215 0.5818898385159915 0.4233664208889200 0.4311546182733388 0.5347307616600021 0.4341503051176867]
[0.0316616694568257 0.5274889194229466 0.3917585691645675 0.3081338858238567 0.8919674021417832 0.5212334272902085 0.3410136440687952]
[0.3516981925917591 0.8405408231914199 0.2856822121690151 0.7517695720213875 0.6808165993255197 0.7589701438214698 0.5746835473818456]
